100 : -0.63 -0.27 -9.75 -1.88 0.12 -1.94
200 : -1.72 -0.72 -29.21 -5.94 0.81 -4.81
300 : -3.42 -1.5 -58.31 -11.44 0.31 -8.12
400 : -5.57 -2.5 -97.47 -17.63 0.87 -13.56
500 : -6.56 -3.48 -149.81 -52.07 -9.94 -25.56
600 : -7.38 -2.23 -212.79 -298.88 -76.56 29.75
700 : -8.34 3.56 -285.17 -777.44 -210.87 105.19
800 : -8.87 15.49 -362.41 -1537.07 -392.56 110.94
900 : -8.54 34.67 -432.32 -2657.26 -615.68 17.81
1000 : -8.78 57.93 -498.61 -4057.82 -904.99 -220.69
1100 : -7.51 82.08 -557.29 -5616.94 -1278.49 -558.32
1200 : -3.17 102.98 -601.89 -7345.75 -1712.43 -976.38
1300 : 2.68 117.69 -636.67 -9089.5 -2200.62 -1435.19
1400 : 9.44 128.67 -660.79 -10608.69 -2696.93 -1810.13
1500 : 17.14 140.42 -674.28 -11748.0 -3225.12 -2126.82
1600 : 22.86 154.7 -684.61 -12489.62 -3752.18 -2343.32
1700 : 28.08 170.27 -705.54 -12818.37 -4298.31 -2440.45
1800 : 32.42 188.01 -740.69 -13045.62 -4888.31 -2543.57
1900 : 35.7 206.31 -790.52 -13150.43 -5519.87 -2619.01
2000 : 39.08 226.89 -852.45 -13244.18 -6158.62 -2657.57
2100 : 42.73 250.18 -924.96 -13394.99 -6788.06 -2621.88
2200 : 49.03 277.88 -1004.11 -13625.11 -7384.56 -2490.57
2300 : 60.03 310.56 -1091.24 -13906.86 -7947.19 -2296.2
2400 : 74.96 348.17 -1185.53 -14162.05 -8491.13 -2225.45
2500 : 92.21 390.19 -1288.65 -14411.74 -9030.75 -2233.07
2600 : 110.85 436.42 -1401.12 -14659.99 -9559.69 -2313.13
2700 : 130.44 487.05 -1522.53 -14899.8 -10097.38 -2434.19
2800 : 150.43 541.97 -1653.27 -15099.55 -10673.0 -2598.5
2900 : 169.03 600.57 -1792.9 -15271.3 -11279.88 -2787.06
3000 : 186.17 662.95 -1941.03 -15432.11 -11916.25 -3002.12
3100 : 201.81 728.67 -2097.52 -15593.67 -12580.81 -3221.37
3200 : 215.05 797.05 -2263.76 -15732.98 -13266.25 -3437.06
3300 : 226.19 868.34 -2439.89 -15862.35 -13944.81 -3651.37
3400 : 235.01 942.86 -2626.33 -16002.41 -14620.18 -3869.93
3500 : 242.14 1023.38 -2818.96 -16226.66 -15282.12 -4056.12
3600 : 247.79 1108.43 -3022.18 -16342.97 -15933.37 -4179.68
3700 : 253.25 1196.72 -3230.88 -16461.28 -16555.0 -4248.06
3800 : 261.4 1285.81 -3447.91 -16481.97 -17179.38 -4322.62
3900 : 275.69 1373.02 -3670.29 -16447.41 -17781.32 -4292.12
4000 : 291.2 1457.68 -3903.61 -16452.28 -18408.26 -4262.49
4100 : 308.26 1539.34 -4148.53 -16521.4 -19029.7 -4244.55
4200 : 330.8 1618.18 -4404.71 -16666.96 -19642.76 -4271.11
4300 : 354.22 1696.08 -4669.16 -16931.08 -20264.45 -4305.05
4400 : 379.09 1779.19 -4939.12 -17359.83 -20929.95 -4358.05
4500 : 403.42 1872.65 -5212.84 -17796.02 -21614.83 -4428.05
4600 : 424.14 1973.85 -5493.96 -18157.21 -22337.83 -4525.05
4700 : 442.4 2079.85 -5786.5 -18543.46 -23056.14 -4605.36
4800 : 460.09 2189.28 -6093.44 -19226.33 -23764.14 -4696.98
4900 : 476.3 2301.16 -6399.2 -20375.21 -24445.2 -4916.35
5000 : 493.09 2417.94 -6695.71 -21820.02 -25190.58 -5317.41
5100 : 514.09 2537.3 -6980.44 -23379.71 -25944.08 -5917.72
5200 : 542.39 2657.69 -7259.05 -25045.71 -26675.08 -6651.28
5300 : 580.05 2777.21 -7525.14 -26780.02 -27374.52 -7448.97
5400 : 627.36 2896.09 -7779.3 -28567.27 -28094.08 -8195.16
5500 : 680.95 3014.19 -8022.12 -30105.65 -28907.52 -8797.66
5600 : 735.28 3133.84 -8254.17 -31367.4 -29822.9 -9242.22
5700 : 790.08 3248.39 -8489.2 -32004.34 -30842.34 -9598.16
5800 : 839.88 3354.32 -8750.7 -32122.47 -32029.59 -10032.03
5900 : 884.46 3456.35 -9027.17 -32011.53 -33324.65 -10470.47
6000 : 923.71 3556.86 -9313.82 -31932.22 -34666.9 -10914.16
6100 : 954.12 3655.7 -9609.15 -31941.85 -35924.28 -11334.53
6200 : 980.03 3750.5 -9915.24 -32022.47 -36892.97 -11651.34
6300 : 1007.57 3841.93 -10227.25 -32108.22 -37487.41 -11948.72
6400 : 1039.62 3929.5 -10547.8 -32253.91 -37726.85 -12255.28
6500 : 1075.39 4011.07 -10873.36 -32336.35 -37695.35 -12642.22
6600 : 1121.27 4082.68 -11215.5 -32187.79 -37498.72 -13038.16
6700 : 1179.81 4146.2 -11563.95 -32203.42 -37572.41 -13387.16
6800 : 1245.5 4201.33 -11916.53 -32232.86 -38084.16 -13772.66
6900 : 1313.78 4245.81 -12274.87 -32119.3 -39098.6 -14265.41
7000 : 1385.67 4283.34 -12637.51 -32029.74 -40589.29 -14879.03
7100 : 1449.3 4314.35 -13009.91 -31977.37 -42250.79 -15560.91
7200 : 1505.07 4341.23 -13390.67 -31928.68 -43961.85 -16249.35
7300 : 1555.38 4366.4 -13779.71 -31883.31 -45627.16 -16937.79
7400 : 1601.16 4390.61 -14179.88 -31843.25 -47260.79 -17629.67
7500 : 1643.61 4414.37 -14588.36 -31812.94 -48874.17 -18326.23
7600 : 1682.94 4437.58 -15004.58 -31775.31 -50477.48 -19029.92
7700 : 1717.55 4459.78 -15429.48 -31719.25 -52093.98 -19748.29
7800 : 1747.95 4480.68 -15863.75 -31638.12 -53712.11 -20469.54
7900 : 1773.39 4499.95 -16306.8 -31559.06 -55328.17 -21185.85
8000 : 1794.19 4517.36 -16758.84 -31474.44 -56938.73 -21904.1
8100 : 1810.23 4533.19 -17218.95 -31387.81 -58546.36 -22625.6
8200 : 1821.46 4547.49 -17687.36 -31294.12 -60151.67 -23348.16
8300 : 1828.51 4560.4 -18164.6 -31188.49 -61752.54 -24067.03
8400 : 1830.64 4571.63 -18651.26 -31068.87 -63351.67 -24787.09
8500 : 1828.12 4581.4 -19146.59 -30945.81 -64949.86 -25508.65
8600 : 1821.02 4589.57 -19650.22 -30821.94 -66551.42 -26231.4
8700 : 1809.4 4596.16 -20162.46 -30688.0 -68161.11 -26952.78
8800 : 1793.13 4600.99 -20682.93 -30554.25 -69779.55 -27673.97
8900 : 1771.88 4603.74 -21212.56 -30412.31 -71399.05 -28398.03
9000 : 1745.98 4604.67 -21750.68 -30275.87 -73018.68 -29121.53
9100 : 1715.11 4603.52 -22297.37 -30132.12 -74643.49 -29844.09
9200 : 1679.45 4600.72 -22852.12 -29993.99 -76270.24 -30564.28
9300 : 1639.93 4596.45 -23414.49 -29846.55 -77899.55 -31260.22
9400 : 1593.49 4593.07 -23984.65 -29633.8 -79529.99 -31899.28
9500 : 1540.74 4583.97 -24571.83 -29498.61 -81170.3 -32453.28
9600 : 1484.29 4570.02 -25167.95 -29528.8 -82563.55 -32891.09
9700 : 1434.09 4554.66 -25769.92 -30038.05 -83789.43 -33122.53
9800 : 1393.27 4534.47 -26371.55 -31217.67 -85041.87 -33302.28
9900 : 1356.12 4511.93 -26962.26 -32692.48 -86336.49 -33500.78
10000 : 1326.78 4486.29 -27537.85 -34235.92 -87698.12 -33785.47
