100 : 3.33 -1.21 12.63 17.94 31.12 26.81
200 : 7.74 -2.11 34.16 14.69 82.12 47.31
300 : 12.51 -2.69 65.54 -1.87 120.25 51.44
400 : 18.54 -3.88 106.46 -21.5 150.56 41.31
500 : 25.7 -5.36 155.53 -38.0 179.06 26.56
600 : 34.43 -7.11 215.1 -52.81 212.75 17.0
700 : 44.81 -8.38 286.64 1.25 252.06 10.0
800 : 56.92 -7.71 371.57 205.56 297.25 7.81
900 : 70.55 -2.93 466.85 295.12 324.56 35.19
1000 : 85.17 7.15 563.07 696.87 300.37 55.69
1100 : 100.02 22.94 656.34 1330.18 220.31 66.63
1200 : 111.9 44.7 747.36 2172.06 64.81 85.57
1300 : 121.16 68.81 831.55 3207.0 -153.88 114.63
1400 : 125.02 93.43 905.22 4433.06 -416.88 129.07
1500 : 125.63 112.62 967.01 5778.25 -693.69 127.88
1600 : 122.73 127.53 1018.81 7136.06 -972.0 129.0
1700 : 114.98 138.5 1061.46 8480.25 -1246.5 115.12
1800 : 101.0 146.07 1094.4 9570.75 -1454.19 148.43
1900 : 82.83 153.58 1118.32 10421.06 -1549.75 190.24
2000 : 61.95 164.14 1135.6 11010.06 -1527.94 226.18
2100 : 40.45 180.41 1150.84 11339.81 -1389.88 254.49
2200 : 19.59 202.54 1168.25 11414.0 -1140.38 294.24
2300 : -0.16 226.9 1188.71 11256.81 -764.51 357.74
2400 : -17.61 252.9 1220.51 10949.43 -309.51 108.37
2500 : -31.71 278.99 1262.72 10661.31 170.68 205.5
2600 : -43.64 306.53 1314.92 10408.62 282.37 290.44
2700 : -52.27 334.85 1376.67 10182.25 379.37 346.25
2800 : -58.46 364.74 1446.98 9936.81 380.0 335.25
2900 : -63.54 396.13 1526.12 9656.68 215.12 288.81
3000 : -66.85 429.32 1614.69 9335.18 218.75 149.62
3100 : -68.69 465.58 1711.22 8991.49 91.5 18.25
3200 : -67.79 503.71 1816.51 8590.43 -165.38 -110.56
3300 : -66.89 544.31 1929.42 8126.37 -523.88 -215.06
3400 : -65.74 586.91 2052.93 7624.56 -919.63 -308.69
3500 : -64.31 630.73 2185.22 7128.06 -1294.32 -409.44
3600 : -62.32 676.42 2328.82 6654.62 -1594.44 -498.44
3700 : -59.83 722.86 2483.38 6231.62 -1687.5 -544.88
3800 : -55.59 767.36 2646.88 5869.37 -1470.06 -574.57
3900 : -46.82 810.52 2819.36 5521.37 -1039.43 -577.57
4000 : -35.82 854.22 3002.15 5203.06 -414.74 -555.95
4100 : -19.94 897.28 3197.4 4993.56 13.57 -504.2
4200 : 1.09 937.73 3398.03 4809.62 528.63 -385.14
4300 : 25.13 979.32 3609.31 4602.74 1088.94 -213.83
4400 : 50.83 1021.62 3829.04 4393.99 1652.69 -32.58
4500 : 78.56 1063.7 4060.22 4151.3 2202.69 154.3
4600 : 107.59 1106.09 4302.03 3883.11 2741.13 341.61
4700 : 138.69 1147.39 4554.0 3580.8 3255.82 153.67
4800 : 171.38 1187.73 4816.99 3228.93 3715.32 328.11
4900 : 202.75 1230.07 5087.83 2862.62 4058.63 120.3
5000 : 235.76 1270.86 5364.67 2465.81 4247.88 231.18
5100 : 268.29 1312.93 5655.22 1997.68 4316.69 29.74
5200 : 303.55 1353.72 5953.64 1559.68 4338.31 182.99
5300 : 342.04 1393.51 6261.89 1117.74 4337.12 327.55
5400 : 383.58 1432.71 6579.7 677.62 4329.31 110.05
5500 : 427.88 1471.9 6906.31 247.62 4321.44 245.49
5600 : 475.65 1511.44 7245.55 223.81 4303.75 60.18
5700 : 526.28 1552.52 7594.77 74.37 4238.44 267.93
5800 : 577.85 1598.21 7948.72 245.43 4102.5 124.37
5900 : 628.81 1650.95 8303.59 690.31 3891.94 344.87
6000 : 677.79 1709.53 8655.39 1452.43 3596.38 214.62
6100 : 723.94 1773.49 8999.43 2298.68 3258.32 114.68
6200 : 766.11 1842.51 9334.98 3223.18 2896.2 0.74
6300 : 803.95 1915.67 9661.5 4131.68 2542.07 233.55
6400 : 839.6 1993.0 9981.28 4824.43 2279.2 110.99
6500 : 872.91 2076.33 10298.09 5231.87 2137.57 4.49
6600 : 906.23 2166.07 10614.72 5361.56 2141.38 216.87
6700 : 942.2 2262.11 10937.91 5296.12 2235.69 38.43
6800 : 981.02 2361.85 11267.3 5059.62 2427.75 214.24
6900 : 1023.58 2462.19 11605.58 4665.37 2710.44 38.55
7000 : 1070.11 2560.56 11953.42 4177.56 3049.25 233.49
7100 : 1120.82 2656.78 12312.53 3681.12 3388.0 95.62
7200 : 1174.82 2751.18 12680.7 3194.56 3724.69 313.18
7300 : 1232.33 2843.7 13057.97 2707.5 4060.63 171.81
7400 : 1292.83 2934.64 13443.51 2224.25 4391.88 26.56
7500 : 1356.69 3023.82 13837.12 1738.88 4726.07 237.5
7600 : 1424.44 3111.22 14241.72 1311.19 5039.88 114.06
7700 : 1495.42 3199.02 14659.14 1062.32 5283.88 46.44
7800 : 1568.42 3289.97 15085.91 1077.13 5444.76 18.63
7900 : 1640.41 3387.46 15514.73 1372.94 5518.57 353.07
8000 : 1710.85 3491.82 15941.14 1913.38 5516.07 348.13
8100 : 1778.58 3601.86 16362.13 2640.19 5447.94 360.0
8200 : 1842.55 3715.64 16774.12 3597.38 5327.56 370.19
8300 : 1902.53 3831.99 17177.51 4619.88 5174.81 373.69
8400 : 1958.18 3949.64 17570.74 5628.01 5022.37 391.88
8500 : 2007.59 4068.25 17949.22 6472.32 4969.18 293.82
8600 : 2052.9 4192.69 18322.98 7037.69 5053.43 178.44
8700 : 2097.06 4323.92 18694.67 7314.75 5295.99 1.13
8800 : 2141.91 4461.66 19068.34 7336.38 5668.99 129.44
8900 : 2189.73 4603.76 19447.6 7181.19 6139.55 246.19
9000 : 2241.01 4748.85 19836.09 6882.81 6699.36 30.06
9100 : 2295.61 4894.01 20232.84 6420.56 7368.23 185.62
9200 : 2355.91 5036.05 20639.91 5964.19 8042.1 3.37
9300 : 2420.11 5177.03 21057.91 5516.0 8703.73 190.0
9400 : 2487.67 5317.07 21485.22 5044.94 9339.6 13.12
9500 : 2558.45 5455.94 21921.57 4572.94 9950.29 191.43
9600 : 2632.14 5594.41 22366.93 4099.13 10539.04 12.81
9700 : 2709.3 5732.09 22821.87 3614.13 11110.85 196.81
9800 : 2789.5 5869.29 23285.99 3126.32 11669.73 21.56
9900 : 2872.82 6005.82 23759.37 2639.88 12223.04 207.06
10000 : 2959.44 6141.66 24241.87 2148.13 12766.67 32.75
