100 : 1.87 2.07 9.19 1.81 -0.06 -4.25
200 : 5.35 6.28 27.38 5.81 -0.37 -9.25
300 : 10.68 12.46 54.76 10.75 0.13 -14.69
400 : 17.73 20.74 91.74 18.31 0.07 -24.13
500 : 25.45 32.56 141.73 72.94 -3.06 -47.13
600 : 35.99 49.23 201.2 335.63 -32.06 0.49
700 : 48.0 73.16 269.07 448.94 -81.5 144.87
800 : 58.73 104.42 341.87 838.5 -189.0 314.87
900 : 64.35 142.68 408.17 1601.62 -356.31 176.56
1000 : 68.22 181.33 468.79 2689.37 -491.62 332.06
1100 : 65.58 219.41 522.33 3968.81 -570.37 101.19
1200 : 58.83 249.73 565.61 5401.68 -620.18 237.5
1300 : 49.39 267.7 599.27 6868.12 -685.43 61.25
1400 : 37.51 277.87 624.2 8097.37 -729.62 241.88
1500 : 23.2 286.64 641.31 8971.99 -635.56 356.07
1600 : 8.33 296.88 653.67 9433.61 -414.5 71.07
1700 : -3.98 310.82 675.54 9457.17 -67.0 176.94
1800 : -13.54 329.92 707.23 9420.48 347.44 270.13
1900 : -20.66 352.84 752.42 9277.35 454.75 48.44
2000 : -26.82 380.59 806.89 9124.16 559.5 225.81
2100 : -33.04 413.02 870.09 9007.16 624.0 126.06
2200 : -42.82 450.99 940.46 8924.41 613.69 123.37
2300 : -57.39 494.46 1017.84 8862.97 539.19 180.75
2400 : -76.68 542.94 1101.56 8812.59 480.13 107.38
2500 : -98.59 596.92 1192.22 8789.53 435.75 313.19
2600 : -122.01 656.3 1289.9 8792.16 399.06 96.63
2700 : -146.64 721.6 1394.5 8801.6 380.0 221.19
2800 : -171.94 793.05 1507.19 8785.91 417.0 306.31
2900 : -196.27 870.27 1627.74 8750.85 497.62 3.31
3000 : -219.4 953.12 1754.62 8715.29 617.43 24.93
3100 : -241.25 1041.45 1888.55 8674.29 766.05 51.8
3200 : -260.78 1134.7 2030.99 8617.98 932.74 88.42
3300 : -278.68 1233.45 2181.18 8556.48 1090.3 127.11
3400 : -294.28 1338.08 2340.0 8511.79 1241.55 159.67
3500 : -308.88 1449.79 2502.47 8543.42 1359.42 214.73
3600 : -322.4 1567.86 2673.65 8450.36 1469.67 339.42
3700 : -336.19 1690.54 2851.37 8328.55 1540.48 156.05
3800 : -351.59 1816.18 3037.59 8116.99 1632.29 301.8
3900 : -373.15 1941.98 3237.88 7795.11 1692.04 191.55
4000 : -394.52 2067.43 3450.98 7505.11 1769.73 96.18
4100 : -415.54 2191.74 3676.36 7271.11 1834.67 5.31
4200 : -440.09 2315.67 3915.03 7116.17 1884.67 255.44
4300 : -465.42 2440.73 4163.82 7078.11 1917.48 170.32
4400 : -490.01 2571.8 4414.47 7211.11 1972.11 105.88
4500 : -516.69 2713.96 4666.4 7364.11 2054.36 14.88
4600 : -540.49 2865.7 4923.51 7460.92 2194.49 258.82
4700 : -562.08 3025.34 5192.04 7584.3 2303.43 182.57
4800 : -582.92 3192.49 5472.58 8047.3 2327.05 150.44
4900 : -603.96 3361.59 5752.18 8998.11 2248.36 79.94
5000 : -627.12 3531.19 6023.58 10300.67 2169.36 256.5
5100 : -656.99 3696.63 6283.19 11784.67 2124.67 266.88
5200 : -694.84 3857.65 6537.29 13426.48 2071.42 198.13
5300 : -743.23 4012.1 6784.1 15136.6 1987.86 86.63
5400 : -802.35 4158.62 7021.05 16873.1 1839.42 75.75
5500 : -868.59 4298.39 7248.93 18319.6 1801.98 117.19
5600 : -939.9 4436.59 7471.13 19447.29 1907.48 133.13
5700 : -1012.16 4571.12 7689.53 20002.85 2288.54 139.75
5800 : -1078.01 4704.34 7936.07 20176.79 2959.98 7.94
5900 : -1137.81 4838.44 8196.18 20216.04 3763.17 -140.19
6000 : -1191.67 4975.16 8466.11 20285.35 4608.05 -271.31
6100 : -1237.28 5114.44 8743.74 20440.66 5395.3 -402.81
6200 : -1279.29 5252.71 9033.81 20663.66 5854.55 -562.12
6300 : -1324.19 5389.91 9332.28 20873.85 5957.55 -867.25
6400 : -1373.55 5526.31 9640.65 21123.04 5729.43 -1344.69
6500 : -1427.02 5661.15 9953.77 21237.17 5324.49 -1988.75
6600 : -1487.43 5790.48 10284.15 21161.17 4830.55 -2666.25
6700 : -1558.06 5915.19 10622.87 21275.11 4540.93 -3194.94
6800 : -1637.15 6032.82 10971.99 21435.55 4679.74 -3579.13
6900 : -1722.62 6142.66 11330.78 21521.74 5344.36 -3882.57
7000 : -1809.64 6246.0 11693.81 21668.74 6471.23 -4135.51
7100 : -1889.24 6345.2 12070.02 21851.05 7792.48 -4383.14
7200 : -1960.29 6442.92 12454.05 22043.42 9163.29 -4616.39
7300 : -2025.67 6541.93 12846.33 22232.67 10490.79 -4864.14
7400 : -2085.49 6643.08 13248.57 22427.98 11788.98 -5128.89
7500 : -2141.02 6746.43 13658.47 22633.67 13068.1 -5404.2
7600 : -2192.74 6852.06 14075.42 22833.73 14343.85 -5693.32
7700 : -2239.31 6959.62 14500.37 23021.98 15639.91 -5996.63
7800 : -2280.99 7069.24 14934.21 23186.29 16939.47 -6298.69
7900 : -2317.07 7180.46 15376.49 23351.85 18234.28 -6594.88
8000 : -2347.93 7293.16 15827.26 23514.97 19528.03 -6895.63
8100 : -2373.56 7407.24 16285.63 23675.47 20820.22 -7199.44
8200 : -2393.75 7522.72 16751.63 23829.78 22110.72 -7502.56
8300 : -2409.18 7639.92 17225.68 23974.03 23396.97 -7801.12
8400 : -2419.07 7758.7 17708.34 24109.09 24680.6 -8095.93
8500 : -2423.5 7879.13 18198.96 24240.9 25965.1 -8392.06
8600 : -2422.7 8001.02 18697.34 24371.34 27253.47 -8687.0
8700 : -2416.74 8124.39 19203.69 24491.97 28550.16 -8974.62
8800 : -2405.52 8248.98 19717.66 24613.78 29854.97 -9258.18
8900 : -2388.56 8374.69 20240.25 24726.78 31163.72 -9547.31
9000 : -2366.38 8501.63 20770.72 24845.65 32471.47 -9835.93
9100 : -2338.57 8629.58 21309.22 24958.96 33785.16 -10123.24
9200 : -2305.47 8758.88 21855.41 25075.65 35099.66 -10408.11
9300 : -2267.75 8889.55 22408.56 25171.21 36414.22 -10667.99
9400 : -2226.97 9021.34 22970.48 25195.52 37750.28 -10898.74
9500 : -2178.4 9151.52 23549.04 25304.46 39052.84 -11026.24
9600 : -2125.98 9280.2 24137.02 25503.08 40032.34 -11111.24
9700 : -2079.43 9410.15 24729.63 26140.39 40683.84 -11045.49
9800 : -2043.06 9537.44 25324.52 27474.39 41286.15 -10845.93
9900 : -2013.41 9659.12 25908.69 29058.45 41754.9 -10588.43
10000 : -1990.62 9771.49 26480.47 30744.08 42297.21 -10375.18
