100 : 1.29 -0.5 12.97 21.19 25.06 29.12
200 : 1.93 -0.79 35.14 21.07 65.81 48.12
300 : 1.32 -1.12 66.87 8.95 90.5 50.56
400 : 0.27 -2.0 108.03 -0.36 107.31 38.0
500 : -0.9 -3.28 157.39 -3.17 122.87 21.69
600 : -2.26 -4.84 217.31 -4.48 144.5 9.32
700 : -4.23 -5.96 289.15 54.64 182.94 15.76
800 : -6.94 -5.11 374.1 257.01 250.56 66.57
900 : -11.09 0.0 469.13 319.07 341.37 205.13
1000 : -16.08 10.7 567.01 680.44 74.81 73.0
1100 : -22.37 27.98 662.94 1263.13 156.81 3.5
1200 : -31.82 51.66 754.54 2069.01 206.19 356.5
1300 : -42.78 78.87 839.78 3066.2 238.75 405.38
1400 : -57.0 107.14 915.43 4248.7 267.38 500.75
1500 : -70.97 131.87 978.99 5534.64 306.69 622.25
1600 : -85.37 153.92 1032.51 6838.77 348.5 749.81
1700 : -101.69 173.49 1075.02 8118.33 30.44 858.93
1800 : -120.69 191.92 1106.08 9222.52 91.13 932.74
1900 : -142.07 212.33 1128.6 10082.33 201.69 935.3
2000 : -165.74 237.27 1145.53 10678.33 0.94 844.92
2100 : -191.46 268.65 1162.11 11017.45 214.44 662.04
2200 : -218.42 306.08 1180.66 11113.95 129.63 399.48
2300 : -245.88 346.07 1202.46 10956.64 128.69 95.61
2400 : -272.54 387.91 1236.8 10628.08 184.82 155.86
2500 : -297.46 429.99 1282.43 10293.33 269.07 217.74
2600 : -321.9 473.49 1337.95 9992.08 349.38 276.68
2700 : -344.66 517.98 1403.34 9720.77 417.32 314.12
2800 : -368.03 565.15 1477.7 9455.65 385.82 290.0
2900 : -392.65 614.43 1561.13 9186.34 186.38 234.31
3000 : -417.52 665.81 1654.3 8921.28 147.69 92.75
3100 : -442.69 720.31 1756.16 8658.78 -26.62 -44.19
3200 : -466.29 776.59 1866.96 8362.47 -335.68 -183.75
3300 : -491.25 835.07 1985.96 8026.28 -759.06 -310.62
3400 : -517.22 895.0 2115.71 7650.28 -1227.06 -435.25
3500 : -544.4 955.95 2254.69 7278.84 -1677.06 -565.56
3600 : -572.7 1018.59 2404.8 6916.15 -2051.12 -681.56
3700 : -602.33 1082.11 2566.08 6568.09 -2211.49 -758.62
3800 : -631.32 1143.97 2736.8 6241.97 -2056.61 -830.81
3900 : -657.01 1205.21 2916.66 5905.1 -1685.61 -894.62
4000 : -681.95 1267.41 3107.08 5582.35 -1115.3 -939.62
4100 : -704.83 1330.61 3310.24 5326.66 -345.17 -945.62
4200 : -723.19 1392.39 3519.98 5096.97 172.89 -903.56
4300 : -740.25 1456.17 3740.82 4823.35 734.58 -826.25
4400 : -756.91 1520.89 3970.22 4540.54 1299.89 -739.75
4500 : -772.67 1585.93 4210.65 4226.98 1848.58 -651.88
4600 : -787.89 1651.25 4461.75 3884.73 2380.89 -566.69
4700 : -802.24 1715.91 4723.12 3514.23 2883.89 -502.32
4800 : -815.93 1779.9 4995.47 3109.79 3329.14 -449.69
4900 : -831.74 1845.73 5275.75 2694.41 3676.95 -413.06
5000 : -846.16 1909.98 5563.16 2247.85 3870.51 -395.31
5100 : -861.9 1975.2 5863.65 1757.47 3952.57 -353.87
5200 : -876.06 2039.67 6172.91 1296.1 3993.32 -307.37
5300 : -888.14 2103.66 6492.06 833.04 4010.51 -266.93
5400 : -898.55 2167.44 6821.08 371.91 4021.2 -227.93
5500 : -907.59 2231.47 7159.37 280.47 4033.76 -191.37
5600 : -915.34 2296.43 7510.07 244.16 4045.32 -107.06
5700 : -922.1 2363.46 7871.16 69.41 4043.82 58.69
5800 : -929.47 2435.43 8238.35 202.78 4020.69 313.19
5900 : -938.75 2514.57 8607.56 606.4 3970.32 277.38
6000 : -950.4 2600.11 8974.01 1311.15 3897.13 325.25
6100 : -964.5 2691.69 9334.09 2131.21 3816.76 406.25
6200 : -981.58 2788.94 9685.91 3023.09 3738.57 496.25
6300 : -1001.64 2891.1 10028.08 3904.84 3662.07 572.12
6400 : -1023.95 2999.11 10365.18 4599.72 3625.26 609.0
6500 : -1049.24 3114.62 10700.14 5039.16 3652.76 587.44
6600 : -1075.06 3237.05 11036.07 5189.47 3769.2 476.5
6700 : -1100.16 3366.01 11379.32 5141.03 3938.95 310.38
6800 : -1124.19 3499.13 11730.0 4912.28 4170.51 115.69
6900 : -1146.13 3633.28 12089.97 4516.84 4462.32 254.31
7000 : -1165.61 3765.9 12460.21 4010.59 4793.94 26.25
7100 : -1182.57 3896.81 12841.99 3487.72 5124.5 176.31
7200 : -1197.38 4026.04 13233.64 2970.78 5454.31 324.19
7300 : -1209.96 4153.6 13634.73 2455.72 5783.56 112.94
7400 : -1220.65 4279.69 14044.55 1942.91 6108.62 260.06
7500 : -1229.07 4404.12 14463.07 1427.29 6435.74 44.0
7600 : -1235.35 4527.19 14893.05 957.29 6755.74 213.81
7700 : -1240.25 4650.97 15335.79 673.6 7035.3 102.19
7800 : -1245.02 4778.35 15788.3 653.1 7272.18 73.0
7900 : -1251.9 4912.41 16243.77 909.66 7472.74 96.94
8000 : -1260.79 5053.73 16697.88 1405.72 7647.36 181.5
8100 : -1272.33 5201.73 17146.98 2088.66 7793.48 310.5
8200 : -1286.62 5354.71 17588.09 2984.03 7939.04 469.44
8300 : -1303.54 5511.03 18020.24 3953.59 8065.04 630.5
8400 : -1322.84 5669.52 18441.34 4926.9 8191.35 791.44
8500 : -1344.19 5829.26 18848.46 5755.84 8366.85 872.44
8600 : -1368.87 5995.22 19250.15 6302.28 8611.16 868.38
8700 : -1395.36 6168.82 19651.61 6570.09 8944.28 746.32
8800 : -1422.37 6349.32 20055.78 6586.59 9351.16 544.32
8900 : -1448.31 6534.78 20466.25 6419.84 9821.66 310.07
9000 : -1472.5 6723.45 20886.39 6096.9 10358.16 70.57
9100 : -1494.84 6912.48 21315.66 5603.65 10971.66 172.69
9200 : -1513.26 7099.03 21756.1 5108.52 11592.97 295.44
9300 : -1529.41 7284.86 22207.75 4619.71 12204.41 64.75
9400 : -1543.74 7469.98 22668.96 4113.65 12787.22 195.94
9500 : -1555.95 7653.93 23139.63 3609.4 13343.03 323.38
9600 : -1566.53 7837.58 23619.63 3107.4 13877.03 95.25
9700 : -1575.06 8020.64 24109.6 2596.53 14393.16 227.88
9800 : -1581.92 8203.4 24609.2 2083.91 14895.66 1.5
9900 : -1586.99 8385.56 25118.47 1572.41 15392.85 135.62
10000 : -1590.13 8567.11 25637.19 1054.79 15878.85 270.87
